7.000000000000000000e+01 4.000000000000000000e+01
5.371209999999999951e+01 1.530460000000000065e+01
5.117580000000000240e+01 3.219999999999999946e-02
4.632529999999999859e+01 2.827530000000000143e+01
3.033129999999999882e+01 6.934800000000000075e+00
5.654319999999999879e+01 2.141880000000000095e+01
1.081980000000000075e+01 1.625290000000000035e+01
2.278910000000000124e+01 2.310450000000000159e+01
1.015840000000000032e+01 1.248189999999999955e+01
2.010500000000000043e+01 1.545620000000000083e+01
1.945100000000000051e+00 2.056999999999999940e-01
2.649510000000000076e+01 2.212209999999999965e+01
3.148470000000000013e+01 8.964000000000000412e+00
2.624180000000000135e+01 1.817599999999999838e+01
4.403560000000000230e+01 1.354010000000000069e+01
2.898359999999999914e+01 2.598789999999999978e+01
3.847220000000000084e+01 2.017310000000000159e+01
2.826940000000000097e+01 2.900110000000000099e+01
3.219100000000000250e+01 5.869900000000000340e+00
3.648629999999999995e+01 2.972840000000000060e+01
9.717999999999999972e-01 2.814770000000000039e+01
8.958600000000000563e+00 2.466349999999999909e+01
1.656180000000000163e+01 2.361430000000000007e+01
1.055969999999999942e+01 1.511780000000000079e+01
5.021110000000000184e+01 1.029439999999999955e+01
8.151899999999999480e+00 9.532500000000000639e+00
2.210750000000000171e+01 1.855689999999999884e+01
1.214999999999999969e-01 1.887259999999999849e+01
4.820770000000000266e+01 1.688889999999999958e+01
3.194989999999999952e+01 1.763090000000000046e+01
7.731999999999999984e-01 4.656000000000000139e-01
4.741340000000000288e+01 2.377830000000000155e+01
4.186710000000000065e+01 3.566699999999999982e+00
4.354740000000000322e+01 3.906099999999999905e+00
5.335240000000000293e+01 2.672560000000000002e+01
3.081650000000000134e+01 1.345950000000000024e+01
2.771330000000000027e+01 5.070599999999999774e+00
2.392220000000000013e+01 7.630600000000000271e+00
5.196119999999999806e+01 2.285109999999999886e+01
1.279379999999999917e+01 1.573070000000000057e+01
4.956800000000000317e+00 8.366899999999999338e+00
2.150509999999999877e+01 2.409090000000000131e+01
1.525479999999999947e+01 2.721109999999999829e+01
6.206999999999999851e+00 5.144199999999999662e+00
4.924300000000000210e+01 1.670439999999999969e+01
1.711680000000000135e+01 2.003539999999999921e+01
3.416879999999999740e+01 2.275710000000000122e+01
9.440200000000000813e+00 3.919999999999999929e+00
1.158120000000000083e+01 1.456770000000000032e+01
5.211809999999999832e+01 4.087999999999999967e-01
9.555899999999999395e+00 1.142190000000000083e+01
2.445090000000000074e+01 6.563399999999999679e+00
2.672129999999999939e+01 2.856670000000000087e+01
3.758480000000000132e+01 1.684740000000000038e+01
3.566190000000000282e+01 9.933299999999999130e+00
2.446539999999999893e+01 3.164400000000000102e+00
7.774999999999999689e-01 6.957600000000000229e+00
1.447029999999999994e+01 1.363679999999999914e+01
1.986599999999999966e+01 1.512240000000000073e+01
3.161599999999999966e+00 4.242799999999999905e+00
1.852449999999999974e+01 1.435979999999999990e+01
5.868489999999999895e+01 2.714849999999999852e+01
3.951680000000000348e+01 1.693710000000000093e+01
5.650889999999999702e+01 1.370899999999999963e+01
5.252109999999999701e+01 1.579570000000000007e+01
3.842999999999999972e+01 8.464800000000000324e+00
5.181810000000000116e+01 2.301589999999999847e+01
8.998300000000000409e+00 2.364399999999999835e+01
5.011560000000000059e+01 2.378160000000000096e+01
1.379090000000000060e+01 1.951000000000000068e+00
3.405740000000000123e+01 2.339600000000000080e+01
2.306240000000000023e+01 8.431900000000000617e+00
1.998570000000000135e+01 5.790199999999999569e+00
4.088009999999999877e+01 1.429780000000000051e+01
5.882889999999999731e+01 1.452289999999999992e+01
1.866349999999999909e+01 6.743599999999999817e+00
5.284230000000000160e+01 2.728800000000000026e+01
3.994939999999999714e+01 2.951139999999999830e+01
4.750990000000000180e+01 2.406640000000000157e+01
1.011209999999999987e+01 2.726620000000000132e+01
2.878119999999999834e+01 2.766590000000000060e+01
8.083099999999999952e+00 2.767050000000000054e+01
9.155599999999999739e+00 1.413039999999999985e+01
5.379890000000000327e+01 2.199000000000000121e-01
3.364900000000000091e+01 3.980000000000000204e-01
1.349599999999999911e+00 1.683589999999999876e+01
4.998160000000000025e+01 6.082799999999999763e+00
1.936349999999999838e+01 1.766219999999999857e+01
3.695450000000000301e+01 2.302649999999999864e+01
1.573199999999999932e+01 1.956970000000000098e+01
1.151179999999999914e+01 1.738840000000000074e+01
4.403979999999999961e+01 1.626350000000000051e+01
3.971390000000000242e+01 2.842030000000000101e+01
6.990899999999999892e+00 2.318039999999999878e+01
3.833919999999999817e+01 1.999500000000000099e+01
2.465429999999999922e+01 1.960569999999999879e+01
3.699799999999999756e+01 2.439920000000000044e+01
4.159099999999999575e+00 3.185299999999999798e+00
4.014000000000000057e+01 2.030300000000000082e+01
2.398760000000000048e+01 9.403000000000000469e+00
4.110840000000000316e+01 2.771490000000000009e+01
7.000000000000000000e+01 4.000000000000000000e+01
